2.520722075966536635e-01 4.169654062894526447e+00 1.024945534130165647e+00
7.458896876130527431e-01 3.613292065296350053e+00 9.880345257366954792e-01
1.253937996434340008e+00 3.049489929820841549e+00 9.922435174600798824e-01
1.744903861958211566e+00 2.397017698910757222e+00 1.042029518240949360e+00
2.247602262550835839e+00 1.777915284151953434e+00 1.005320055235576771e+00
2.752235379866842635e+00 1.211190740670930355e+00 1.072541142491570509e+00
3.253726744658504977e+00 6.123693115786753571e-01 9.882703200996363346e-01
3.751107126906360278e+00 -2.934663538994201210e-02 1.131321914502198211e+00
4.253269963988826952e+00 -5.858275160482748767e-01 9.757033164876571796e-01
4.753630419631057258e+00 -1.208429816245011557e+00 1.053838882633176377e+00
