# data for linear regression
4.535082509498996828e+00 -3.759640815821281734e+00
3.720269945709419268e+00 1.116810302684672518e+00
2.334560221120614010e+00 4.886298028129703042e-01
2.458557960486384975e-02 4.321433540639775472e+00
4.893189592268122112e+00 -2.077264280288150466e+00
4.586186682077157073e+00 -9.936928398341872137e-01
3.709257371653558177e+00 4.920559884537933915e-01
2.685128376914569515e+00 1.771924828840506949e+00
3.535445552384797185e+00 4.288668919442864547e-02
3.217441798676834885e+00 1.471575179781129172e+00
4.097048090454870284e+00 -1.114150263371982641e+00
1.480035722451253477e+00 3.189825088160067601e+00
9.026845666430138859e-02 3.234336091469583785e+00
3.386889805037605061e+00 -1.971770763847907615e-02
3.902238818084901695e+00 -5.056949145811333590e-01
4.458462124335409449e+00 -1.377520845114184045e+00
4.699595186415053583e+00 -1.444065114287634177e+00
4.569821879320768332e+00 2.134946959177907999e-02
3.842075873976364520e+00 -6.441496003090996236e-01
4.095816587386944541e+00 -5.323077963322696560e-01
4.265983242486905525e+00 2.487305267353632221e-01
4.384524849662981616e+00 -2.257459528636098778e-01
4.262513657504688247e+00 1.921558542998134111e-01
2.230120459815232437e+00 2.199258578916603479e+00
3.458392777496185566e+00 9.538816654831109298e-01
4.492771310232569704e+00 -1.501452373784135874e+00
1.974105015989154888e+00 8.360471320990638944e-01
4.317532979745536403e-01 2.583304376938263758e+00
2.396039735987329333e+00 2.828960328749416941e+00
1.573615992331323099e+00 1.529938924414968593e+00
4.741542494092241711e+00 -1.299997855070436303e+00
5.873657955401900832e-01 3.492372204162567773e+00
1.603534533312245269e+00 3.033651056798057244e+00
4.212473118911274739e+00 4.215189762172292243e-01
4.140898100463894949e+00 -9.585807963484256344e-01
2.877339046745921891e+00 1.962023783899994100e+00
9.871017232630147076e-01 3.311760123969279768e+00
4.723994889706171207e+00 9.293322274978761399e-01
4.748476530027122777e+00 -3.223049757722082020e+00
4.903416310945474255e-01 4.008463883111413217e+00
4.411129976712691914e+00 -5.603385827789353346e-01
4.877107028221765894e+00 -1.589989019680960958e+00
2.464089283580761958e+00 2.099864513167785773e+00
4.846418904536084149e+00 -1.029304495100391126e+00
2.033404268839800189e-02 4.672925079014169647e+00
4.096572320565724290e+00 -8.712564599520564723e-01
2.385242609769142597e+00 1.175211664849124649e+00
2.818160822934820509e+00 -1.493949865821853074e-02
2.127985318365875234e+00 2.308610383081781237e+00
2.168391810469118219e+00 2.480613561043817139e+00
8.762246592998568229e-02 5.495956931992340699e+00
5.809226854968579934e-01 2.017611886850466441e+00
7.886204963780352184e-01 2.532850302857790226e+00
2.999977292188971134e+00 1.553714312329066871e+00
2.054758493899028871e+00 1.375429952620194296e+00
3.731220763696251996e+00 4.877315978404912489e-01
2.364936309924417390e+00 4.375944096603274769e-01
8.896436674312174775e-01 1.036304839805803013e+00
4.004943333233550007e+00 6.034649484147251997e-01
1.520304924633930632e-01 4.807495789237218986e+00
3.881075040754189409e-03 3.235113737877391316e+00
4.014754730339743283e+00 -2.084958839677649944e+00
3.229299584780919830e+00 -6.419428825161423990e-01
4.691295588252212490e+00 -7.129049970850602769e-01
4.809812366812039386e+00 -2.310720121426337315e+00
1.502704310858861136e+00 1.537707558152613618e+00
1.459714687637653219e-01 3.745467874594980984e+00
4.661065953592088640e+00 5.717077980879214927e-02
2.487775019001318810e+00 5.779358331696223816e-01
1.330972798173124083e+00 2.967846989433168048e+00
8.962505564508893574e-01 3.503972436958249670e+00
3.307663668342965657e+00 1.977490780635571266e-01
4.528216202784058453e+00 -2.876004082002177942e+00
1.034778409956139011e+00 2.405668126209145719e+00
4.617637115894611455e+00 -1.266662489764248001e+00
3.361328464695673368e+00 -4.800016688513495389e-01
3.039571545948939857e+00 -2.065096042934377873e-01
3.940337092031249711e+00 7.784216508458119410e-01
1.681922525089952103e+00 2.354397675732031736e+00
2.982493369693498764e+00 6.628039859333073602e-01
2.849523598803280766e+00 1.287738162785837082e+00
4.671838883537132503e+00 -7.957096923915341069e-01
3.574800549298791541e+00 -1.706330158437063815e-01
1.024080527570331967e+00 1.727848944962728561e+00
3.341840286157113482e+00 3.407118800046600171e-01
3.441284753452839240e+00 -1.495801019560523137e-01
9.985325128119837412e-02 4.903534433794400016e+00
8.010290725149532554e-01 4.647144065637470511e+00
4.902081005005739733e+00 -3.788743715282245628e+00
1.800094224237395180e+00 3.013495687563448655e+00
4.346391561092358025e+00 -9.439472701874592753e-01
2.260154384811083883e+00 3.037032650063907546e+00
1.118718292074583065e+00 2.843135970906732979e+00
1.611708454843660654e+00 3.051154203306749579e-02
2.057368384475419365e+00 1.674800643179345183e+00
3.851224777038340097e+00 1.065201110589471423e+00
4.667946714759001914e+00 -1.126992797151991743e+00
4.468405794297830802e+00 -2.262915740572810641e+00
5.591592467150185986e-02 3.791603455183528038e+00
4.022715717180282091e+00 1.544527275038550806e+00
