# data for linear regression
4.076750513947633436e+00 1.337058717490808624e+00
1.693546762845935527e+00 8.055057144296018379e-01
2.456288113147492069e+00 2.419795070601434617e+00
2.958380170998309300e+00 1.775345164907832007e+00
4.060998284189617280e+00 -1.690341326289003909e+00
4.652267955023303259e+00 -3.059765315296367305e+00
2.788302170761822740e+00 1.100890157560489913e+00
2.145102200016922200e+00 4.378228020496501838e-01
1.423693947590408682e+00 2.985684965689054060e+00
2.743281017413278899e+00 1.938208646102257404e+00
2.964458965183691674e-01 3.646568953566958537e+00
4.361690261976544747e+00 -5.583450358834228799e-01
5.580418266277198391e-01 3.502810184599228993e+00
8.155895009744951185e-01 1.906587142980006311e+00
3.913681718272532528e-01 4.207879546202612175e+00
1.187661542107482093e-01 5.518237297438078670e+00
2.605047291684483124e+00 8.890564710081301225e-01
4.615677006005523886e+00 -1.145099419899445969e+00
1.023194833210425703e+00 2.853752795623913929e+00
2.297335749555044160e+00 2.678741516405992229e+00
4.345088753605460319e+00 -1.411605828425718467e+00
4.276209652773483860e+00 1.158811728871988134e+00
3.616692302465248865e+00 -2.934300673379870994e-01
4.100263426235960296e+00 1.182875554594946532e-01
4.838590961711318528e+00 -2.508790415923416894e+00
1.398255108712694206e+00 2.779647171948251394e+00
2.727991435402172371e+00 3.686611314256734495e+00
1.836002943362722739e+00 3.988889190158955600e+00
2.117963334012507026e+00 2.971951687869489156e+00
2.719167927964191378e+00 1.629110619669230653e+00
3.067380581286984764e+00 1.745004733930435314e-01
4.904781180800492635e+00 -1.524184663923891847e+00
6.845426898068301957e-01 3.824333998439546800e+00
4.667513791356189934e+00 -2.043128308097037049e+00
1.540846712540078212e-01 4.761854323616101503e+00
3.035345686548760025e+00 2.522552917356944979e-01
2.853769329309709502e+00 8.130673016892933092e-01
1.495695052539979253e+00 1.990963513112145700e+00
5.735499803653404394e-01 3.980264053917240474e+00
1.767583889217110737e+00 9.181538952860672786e-01
3.736515447645030186e+00 -4.178626267476349687e-01
4.115883846888620745e+00 -1.943455876176059416e+00
2.936606663966883524e+00 1.399156169950855677e+00
1.201038849670753583e+00 2.237682617070215318e+00
3.088520941620942040e+00 3.667873843441810111e-01
4.365241313938946099e+00 -3.479524999079133818e-01
1.284319343838075111e+00 3.001357328594628449e+00
4.961574355753740839e+00 -2.954590231678901890e-01
2.604186216940032494e+00 5.056629881498156953e-01
4.646212166388652420e-01 3.650562888047610421e+00
1.662939988171200367e+00 2.245166855813167217e+00
4.584982233423000153e+00 -1.097247874928009015e+00
2.673700737480072753e+00 3.173755803018221577e+00
4.352685280462592621e-01 1.981873220643497024e+00
4.100199371434412932e+00 2.329302414767591145e-01
2.772074816615115900e+00 9.789742523015146913e-01
4.209425266636203311e+00 8.221331388010328922e-01
3.064473049672379990e+00 5.223105759305789464e-01
1.315221813604257495e+00 1.356438675586788101e+00
1.278555463974595519e-01 4.265952342179338608e+00
2.850186391780892059e+00 7.597308928181556453e-03
2.401979876301969963e+00 2.900497950585709361e+00
3.637774418928104048e+00 7.287742866695313682e-01
3.435029340699746303e+00 5.286693098568334692e-02
2.111138011873776588e+00 2.406861565493510824e+00
1.745543067196619447e+00 3.121417736945995447e+00
3.638737873658791422e+00 -4.269993371871960708e-02
8.113496255404023527e-01 3.618694649521483786e+00
2.568166667037528939e+00 8.276609135765187197e-01
3.286015154532684335e-01 5.717145106050626424e+00
3.822851597660013034e+00 2.177358594642289646e-01
3.976936320323925855e+00 2.980156312381123662e-01
8.940116921982071974e-01 4.813898372971071815e+00
2.905497141908727876e+00 -7.861756110281588050e-01
3.711249560273318870e+00 -1.684590520079195519e-01
4.308837070178062056e-01 5.181712424057075772e+00
6.693529717078372521e-03 4.902610227257449438e+00
1.388234690316773712e+00 1.904854524643585290e+00
3.301995448575115066e+00 1.073142144632815431e-01
2.625391200710911033e+00 2.661008930403735651e+00
5.737992346971920732e-01 3.615304974583835929e+00
4.297628608566590458e+00 7.388171805446861473e-01
1.502145560785372425e+00 2.027864421510927162e+00
1.045879312933350569e+00 4.084360511678675643e+00
1.644886363576651522e+00 1.187791414866359307e+00
9.819667090601447157e-03 5.810681855148822628e+00
3.926390293863963432e+00 5.365886859491727501e-01
1.479761596550514646e+00 2.215222976596533222e+00
2.561201985605687792e-01 2.830599727186356773e+00
1.888161748607226187e+00 2.872824267261170128e+00
2.907110108472138243e+00 2.248115775067056177e+00
3.303124751502484191e-01 4.676976719725518095e+00
4.483439170898686044e+00 -2.858332902920411867e-01
7.857927329560454588e-01 5.402540606988921468e+00
4.105017213519566610e+00 -8.293267938163328967e-01
4.901529786705846270e+00 -5.731152909554245722e-01
2.282930438174018972e-01 4.920306131800050053e+00
1.671694228753536349e+00 2.549381427982539083e+00
4.558185212306675282e+00 -1.275256937988722861e+00
4.129018231795662075e+00 7.118520409325903575e-01
1.739923769449626789e+00 2.263017784243993358e+00
1.793021225713733457e+00 1.108873358838927015e+00
3.021941108601350345e-01 4.546104785622058664e+00
6.857942106366926582e-01 3.564337737736322342e+00
1.386956257292903949e-02 4.743095751680565186e+00
4.270624537110077945e+00 -1.281713912362514307e+00
1.264143912955066895e+00 2.886938520777182493e+00
3.690404804219553192e+00 -1.223555285425995010e+00
9.179721280234143244e-01 4.788453071857271759e+00
4.451643565614532783e+00 -1.236039463676572803e+00
3.931391556458873282e+00 6.537091197476146975e-01
3.498931982402297969e+00 1.924878153143107840e+00
4.496942305306890653e+00 5.748043740367119181e-01
4.980432244521104224e+00 -4.712539854367738812e-01
3.812510174185077538e+00 2.278672283505365215e+00
1.499445276602739519e+00 2.720420330987933788e+00
1.461718984805436161e+00 2.416244980164434786e+00
3.495306010459274138e+00 -5.718515474700954782e-01
3.498505370972237571e+00 -2.399734579051662209e-01
2.288936663352572065e+00 1.651961608027412876e+00
2.213679581979277167e+00 1.486286178638884126e+00
9.581564421272276144e-01 4.639851198249724362e+00
4.312677785564996924e+00 -1.099319482612240106e+00
1.609305752707713033e+00 3.220322565350129285e+00
4.133040670426384011e+00 -3.175599039144263447e-01
4.934817480868051831e+00 -2.814836897611754818e+00
4.834040421980988711e+00 -1.365712450748547413e+00
3.888397393224894305e+00 -3.358159701750221826e-01
5.899809828557883717e-01 3.110791318312287501e+00
3.297880819332897673e+00 -1.034218379231018226e+00
5.278623511078300856e-01 3.422044598777534308e+00
2.815432584008911832e+00 2.433630297389462349e+00
3.922387968443002970e-01 4.633582136723020106e+00
2.357260741687833061e+00 3.074393609240263281e+00
2.804971626055804634e+00 4.915421315871571828e+00
1.329713459814667154e+00 3.115171583776677799e+00
2.545795283885929905e+00 1.217022043787944652e+00
1.986675673134310482e+00 1.839549289846250879e+00
1.395208655772406381e-01 4.125944401018792895e+00
1.353183675846430400e+00 2.200076847918269074e+00
4.037453814737181013e+00 -8.109286804626141265e-01
4.469776791875330169e+00 -2.132915380595754584e+00
4.193597076751655273e+00 -6.490371397418710497e-01
9.680526778735204507e-01 4.347470444813215984e+00
4.346269704971335912e+00 -1.242585057221039513e+00
3.245930127544250254e+00 1.976188576402852171e+00
1.184705506675898690e+00 2.960618920885847327e+00
1.821418910037140737e+00 7.897235254426817619e-01
8.046513908735103415e-01 2.831415817918036648e+00
4.753637628427727968e+00 -4.825274967212284105e-01
1.652751948455905007e+00 1.218745879291953882e+00
7.700297697442531897e-01 2.937294350144737720e+00
8.379218981479852335e-01 2.095572558759239090e+00
4.418274996178328529e-01 4.402422131314537523e+00
8.195003964821617748e-01 4.337749559686553624e+00
9.250683796209296927e-01 2.883964686364984153e+00
5.646776631093042287e-01 3.472079959844654340e+00
2.890153019613022067e+00 -3.216695243974458940e-01
1.075211631934763101e+00 3.479098445539787310e+00
1.244895112403332504e+00 2.834241601132813759e+00
4.789448327496604207e+00 2.427135671052815802e-01
2.402434844375618717e+00 1.459753794089105439e+00
4.505400622513288766e+00 -8.819846239728477144e-01
4.448890243491050001e+00 -7.685490353080940418e-01
4.094292586285658286e-01 3.134009589299556531e+00
1.125960767542286689e+00 2.575609411797862958e+00
1.741704577623833128e+00 2.856623892605534287e+00
2.792839679742447512e+00 2.216630739542014616e+00
3.534644797327100019e+00 3.714531251564074932e-01
5.611093971909431044e-01 3.200471888227466533e+00
2.161258461971007350e+00 2.925233456400903265e+00
4.580041356481424408e+00 -3.253180805576060930e+00
3.727422687799563761e+00 -1.481707146434583677e+00
3.710719063982488741e+00 1.458045192614486840e+00
4.186010868993925271e+00 -1.072594378173646668e+00
1.222079135921743109e+00 3.491581720031164959e+00
2.011563587343093928e+00 2.190282975539926014e+00
3.187061608759674147e+00 2.678680941188005815e-01
4.557973296654555639e+00 -3.739592004798544256e+00
3.775897165861047178e+00 -1.493847919891308496e-01
6.104386948187767725e-01 4.177509322002794789e+00
4.530748919699959743e+00 -1.224865477180840045e+00
1.777090751561359872e+00 2.405258128660837436e+00
4.702123283390822195e+00 -7.027476431057455564e-01
2.569793366182641758e+00 9.658170650240582855e-01
4.346879918911190188e+00 -4.693639994913210711e-01
3.097290209626291091e+00 1.000565973903231765e+00
2.362663910317822413e+00 9.929164229258103935e-01
1.371977972333284779e+00 2.578459554930216058e+00
1.105379142008970472e+00 2.051505604428959018e+00
4.347987600152444898e+00 -9.380387564965759761e-01
3.577944241955708371e+00 7.572952784133206716e-01
4.706521204791300761e+00 -5.914469913064460682e-01
1.773788421389281833e+00 3.159575659252740643e+00
1.751365649996255991e-01 4.832759028903655718e+00
4.147658767082578635e+00 5.779366951263227303e-01
9.895751932578222831e-01 5.267928085359253387e+00
3.393905668060186898e+00 -6.107960337706155318e-01
4.203675164015233889e+00 -4.797563144431697957e-01
3.026074306174804995e+00 2.457161790183267636e-01
4.616349924153151818e+00 -2.369977875785771460e+00
4.985864448430639584e+00 -2.209487045483207623e+00
6.588382359080086070e-01 2.232336457143122566e+00
2.334220750477032258e+00 2.658569879547798109e+00
3.125404297106186391e+00 3.115549434159198938e+00
2.152177579425433862e+00 1.339076054048883524e+00
2.315299908871323975e+00 1.826778337274948649e+00
4.892431525212598054e+00 -2.118924028833992779e+00
2.145026928948166489e+00 2.268128251365479908e+00
3.138682862463419543e+00 3.595405475006309803e+00
3.818059265877613129e+00 -4.064387507852890713e-01
4.378837622864852008e+00 -7.707146975317458182e-02
1.072864729602545086e+00 2.975688967925115058e+00
3.393491870906349739e+00 1.315481504840674720e+00
4.297255548827188854e+00 -2.792731178572271045e+00
1.243990291473909826e+00 2.559460825304366693e+00
6.715450445687848324e-01 4.668521581355927097e+00
8.521543654115548705e-01 3.183975428424525411e+00
3.288056590068059393e+00 4.638639459318530944e-01
1.567564028206393623e+00 1.711539589367020220e+00
3.500954320035120748e+00 9.934320421591321670e-01
3.134163997839360949e+00 1.009935074889975137e+00
1.033911509042981791e+00 1.952690581406840042e+00
2.097882238956243039e+00 1.448772449480037583e+00
6.953903683564566229e-01 3.567124667678641448e+00
3.319992341677742154e+00 1.429520136923798201e+00
1.375607095296888627e+00 3.168748283442399671e+00
3.109712018963647573e+00 2.606552290318869147e+00
1.627879975047390460e+00 2.202788067679992690e+00
3.096359073185750876e+00 1.750097486472104169e+00
2.515180446597590880e+00 2.573832352438851778e-01
4.492405163095288145e+00 -1.479874499934052512e+00
4.500488245980840851e+00 -1.370093749124623006e+00
4.684624583358122152e+00 -8.495309573523153190e-01
2.506398176110814724e+00 -4.823989288300916112e-01
4.609279594532125657e+00 -1.874194697515957131e+00
2.578425851844723837e+00 1.832818779765947204e+00
1.551800898381585192e+00 2.765648584966069023e+00
5.432038487507701019e-01 3.956251198530805091e+00
4.530038114190691800e+00 -5.306711157990204875e-01
3.525769398828349388e+00 -1.621926272603267938e-01
4.740519687624899170e+00 -8.012355067553424970e-01
4.442879922926260328e+00 8.048255179673311499e-01
3.816978451326036748e+00 -1.709055365292842188e+00
2.785135068320865326e-01 4.230538092277297046e+00
3.521385894376332537e+00 6.709970646899843238e-01
7.770356560578983718e-01 4.557514211589231756e+00
4.047041435833978795e+00 6.804566234765030419e-01
2.401024888980586525e+00 1.562744353330809854e+00
2.278356124636498059e+00 6.692331193132632361e-01
1.057045073350960651e+00 2.277175437067743502e+00
3.015433575948499367e+00 -1.334903862949238018e+00
7.011133745127207106e-01 4.133906519278031766e+00
2.743021329418163567e+00 9.276555993575813508e-01
3.572336530118593423e+00 1.209482162597858429e-01
5.672989712284570718e-01 6.001618395743829382e+00
4.480561120867845304e+00 -1.951435318477574343e+00
1.823416191843080236e-01 4.963809724470308993e+00
3.427650770745759967e+00 -7.549075144365351431e-01
3.257204779776806447e+00 -6.391196895334683159e-01
6.464249917173675586e-01 4.334330434419181977e+00
3.148197191191250521e+00 2.465746364051250694e+00
7.787172134367048582e-01 2.901653734477744440e+00
6.902854261252139301e-01 3.726976573516800784e+00
3.924823976183730689e+00 1.207948794670169468e+00
4.989702625747146847e+00 -1.660991954546968241e+00
2.448808519685843343e+00 1.607302251924658698e+00
1.569285928202449609e+00 2.862137105991919395e+00
2.897729545465839607e+00 1.775613609220685341e+00
1.343380687757133041e+00 2.252375511915959194e+00
6.500794152243716262e-01 5.563360596200331187e+00
4.893614033536769492e-01 4.344018380557070458e+00
2.072908132091884514e+00 1.471310585319381747e+00
1.581247027047249620e+00 3.182761992064738976e+00
3.363844134607920200e+00 8.365992550879252088e-01
1.315703777223141691e+00 2.567463479928711045e+00
1.999891324514585511e+00 8.896736559281706036e-01
4.676229290005701422e+00 -1.968859678744820707e+00
9.752100911935740468e-01 3.729694770853576813e+00
1.336977629923845168e+00 4.801950857672612649e+00
1.155693644603005277e+00 3.080314268299850333e+00
4.682288300522015945e+00 -1.209003725043196198e+00
8.318600070641068989e-01 3.666304894065464115e+00
1.156961885014227143e+00 3.080912088513031222e+00
2.302060755525798363e+00 -1.435200322537717454e-01
1.776758802878283250e+00 1.197494075907437283e+00
4.182183181367849834e+00 6.753546067757838500e-01
2.185073305605691019e+00 3.580095226963946331e+00
3.321960531750107304e+00 3.150388159635627572e-01
1.511153829734134924e+00 2.378902197451160383e+00
2.337160653134354504e+00 1.847179643227284451e+00
2.523636946284981697e+00 7.143071507228941908e-01
3.595733727412043557e+00 1.015693330517105197e+00
1.164610666056707267e+00 2.180200294609434764e+00
4.045895391903154170e+00 -1.065814128941387384e+00
3.697881054579141402e+00 1.138441008849557567e+00
3.339527206436960771e+00 8.458203348126768217e-01
1.727704618963216809e+00 9.922822786165126363e-01
3.230912660856018359e+00 1.285905725274640865e+00
2.632542224031530598e+00 2.073831743623482993e+00
3.396935059437111271e+00 7.338330883772903324e-01
2.594292160205106779e+00 1.805820431131202719e+00
4.828668833569454755e+00 -3.384926574775472208e+00
1.419996600221485217e+00 2.930630675428111065e+00
4.451347420714633074e+00 -2.916269037334767056e+00
1.523340169667366961e+00 2.528217996226168385e+00
4.665518648260128742e+00 -4.858516515300583816e-01
4.702842857872538751e+00 -2.201994682784903734e+00
3.994801138659714201e+00 1.172122949455627561e+00
2.461372620264414834e+00 1.479229594181826535e+00
1.047114548868910422e-02 3.353184218139930728e+00
3.250912595562902574e+00 9.613908087368983058e-01
1.545672474509498517e+00 3.160204029481453070e+00
2.611025029734409530e-01 2.651181439821539865e+00
2.846314908080614270e+00 1.012146990523089984e+00
4.689609125879555585e+00 -2.253190320919717937e-01
1.997122376457497461e+00 3.621735320400365943e+00
2.792967691502718619e+00 5.647632229685404237e-01
1.997019010334812439e+00 6.913789674557939691e-01
1.730034764134619207e-01 4.374075183687013535e+00
3.585466249283323137e+00 -5.028018613489168009e-01
3.642563614123730975e+00 -5.881072640976411359e-01
2.837103266610601082e+00 5.889140556796793602e-01
3.279249101448218795e+00 1.279643349466476066e+00
2.181013564623825562e+00 2.044657761615979119e+00
3.596196476786582163e+00 1.339977704960818028e-02
2.131992996144917107e+00 1.815908059457398860e+00
5.277257483736941257e-01 2.528689685202964554e+00
1.090079720945697606e+00 2.636983371995981429e+00
3.368361528237066693e+00 -1.765287510663302584e-01
4.096321612847019900e+00 -7.937607090729709158e-01
2.290657495220999040e-01 2.574595066422763256e+00
1.323569870025300688e+00 2.662490047664471504e+00
1.251098981985878211e+00 3.199560990200204458e+00
2.531120105463302572e-02 5.330513951040765974e+00
1.208195593514241883e+00 3.386472335659591160e+00
2.626397456492235438e-02 4.894729809384893215e+00
1.467769958835206001e+00 1.997062902209246538e+00
3.392013541500986218e+00 9.402356440982623242e-01
8.811783807817374914e-01 3.301590219305192253e+00
1.229553370811398150e-01 3.290120718199323946e+00
4.611082998952319656e+00 -7.507397413397407515e-01
4.757227310136292964e+00 -1.279795862045978838e+00
2.028939004474661356e+00 3.492536136179190898e+00
9.516046688820878341e-01 3.270064322606876850e+00
2.562645301200474179e+00 1.934949643253008000e+00
3.033951055677418296e+00 5.511935194749834066e-01
4.313773329117590372e+00 -9.034660976918420516e-01
3.837802177984422913e-01 4.625878639029190609e+00
1.348730420005915809e+00 2.911986201628574022e+00
2.737041139162286196e+00 2.126132824637873675e+00
1.279033277041507599e+00 1.489270603291028117e+00
7.797556812340900034e-01 3.926253008456977778e+00
8.058111084182667527e-01 4.489530557817360545e+00
4.396326925850690515e+00 -8.267657865163509090e-01
3.954606714217335117e+00 5.907812290543809075e-01
3.275797346653815278e+00 1.497462827957437348e+00
8.597140491711441346e-01 3.462591432970671512e+00
4.297235636891517885e+00 -5.987783528410074441e-01
6.947385311568599064e-01 8.339731456118153474e-01
4.561165507194702151e+00 -9.420192780880521921e-01
2.565870658845638808e+00 1.089983994589508010e+00
3.334626013959614887e+00 -1.861279707157269536e-01
2.768482101369835302e+00 -1.255723303497776833e+00
1.152717474843608647e+00 3.554785621105324367e+00
2.228410663966190475e-01 4.079959370898153637e+00
1.433470360458113380e+00 2.584204893540283265e+00
9.947347392844485547e-01 2.648135647808850912e+00
3.658745612679701775e+00 1.209730931168502499e+00
1.635932143293481023e+00 2.007604596436868061e+00
5.007505857459593201e-01 3.426743658381575575e+00
1.460426105956491583e+00 1.526377189936220180e+00
2.430199531850253614e+00 1.386502274503621290e+00
7.256788249378148814e-01 4.801982233045534620e+00
4.062968666757450720e+00 -4.644545877863917593e-01
4.588497049183779097e+00 1.267468944866074310e+00
3.372721037572424585e+00 9.269136999829126200e-01
2.173099931210736635e+00 2.363749727307389747e+00
3.420834860904818697e+00 1.338114026821567992e-01
2.732473148447447819e+00 -7.008215810056217521e-02
1.855028319308631435e+00 1.407485563551361896e+00
3.283748210569769732e+00 -1.347627770065109587e-01
1.039912287526716383e+00 4.289261265964399605e+00
2.264193482050312234e+00 1.830236116485163267e+00
3.367388634246097467e+00 1.068991963786927180e+00
2.400291779315968377e+00 1.834420453848003119e+00
3.400563079672058286e+00 4.358783838461657290e-01
3.417591388692437615e+00 3.074342127931891100e-01
3.682865810608193513e-01 3.603103856202178434e+00
1.970127926559741116e+00 1.451395632424974602e+00
3.952528353697458918e+00 4.408420887995128101e-01
4.077267189105442391e+00 -8.736767062536394679e-01
3.618897516763119881e-01 2.466642348265533080e+00
4.088550049951874321e+00 -1.001148186055317746e+00
1.967772420466235017e+00 2.172595266816020221e+00
4.213441427350640645e+00 1.519899225408145149e+00
9.879681893809588722e-01 3.045202501510091864e+00
1.734640970617037370e+00 1.143412638803813497e+00
4.299245383931116216e-01 5.803653178240621102e+00
9.678957948241712073e-01 3.178614173558601763e+00
2.842020636753529672e+00 3.086656099842218559e+00
1.707456419252233459e+00 2.582717855896916159e+00
3.154943105337983500e+00 -2.440751364306499305e-01
4.547776257445675263e+00 1.220282372795709058e-01
4.882298129295324252e+00 -2.010325419864569696e+00
2.533334078201803674e+00 1.786271445194565821e+00
6.294720538132708709e-01 4.839835354457584060e+00
9.778433958975468743e-01 2.594831078381386824e+00
1.313269526116705332e+00 2.348585843190699407e+00
1.060846298132178678e+00 5.490370555679445985e+00
1.629735049292739824e+00 2.832984873715395313e+00
1.795655342721962811e+00 3.496116408749022408e+00
4.833676755296095529e+00 6.056942458976255494e-01
2.624791339697472470e+00 6.924799090895453757e-01
4.647445699773159689e+00 -2.566217326574757873e+00
1.017556724999291173e-01 5.319098136628817031e+00
3.966097109608981874e+00 -8.056532027135853147e-01
3.562322379133013417e+00 7.903655280769653624e-01
3.978266876403547148e+00 1.567870584062145856e+00
4.784980152359651129e+00 -2.550758566759507850e+00
3.543738707919572128e+00 8.743785819816756177e-01
1.860479725621088765e+00 1.969140235779952786e+00
3.081674056741040557e-01 3.358066043002139178e+00
7.385029426942513187e-01 2.503423351834232591e+00
4.951509898299660151e+00 1.529974084366274578e+00
3.422168780891919226e+00 -5.184064091517296413e-01
1.220139331782335024e+00 3.423766307792108776e+00
1.527801824224804816e+00 2.984931615633175550e+00
4.676635365629114638e+00 -2.449791647735168443e+00
1.219440785760982360e+00 4.335588972833154031e+00
4.648256105707288199e+00 5.357491758380938940e-02
2.011299200293569900e+00 7.909583005282212476e-01
2.239004994021736028e+00 1.224588852118793092e+00
4.977551949656436214e+00 -2.693842296531366642e+00
1.153631227783604718e+00 1.935735380799784577e+00
1.812672840574320432e+00 1.855329776933865915e+00
4.455463104338319269e+00 -1.715210717487751335e+00
4.311784037765781008e+00 -4.120789316841168559e-01
3.848234610727892857e+00 -1.422719355409174380e+00
1.603417955864071542e+00 2.506797093249827579e+00
4.853591799568627074e+00 -1.071436371990561964e+00
2.241291443242667381e+00 2.147304585967012791e+00
1.787005165487182134e-01 5.038359543658677886e+00
4.888726239333945900e-01 3.881732881515979727e+00
3.539961385114909653e+00 -1.994429873188902747e+00
1.563067734799311603e+00 3.816328056039461458e+00
4.946331785556486338e+00 -1.794486114400388965e+00
4.879456075146166860e+00 -2.600972696057048505e+00
3.958646315795146808e+00 -2.162197607291107548e+00
1.091527082078273647e+00 2.361701320699793882e+00
4.307786249283879210e-01 3.091911151405122737e+00
8.513640371680675223e-01 5.033650047697454610e+00
4.908818092138373501e+00 -1.693837806039965033e+00
4.172961856387613189e+00 -3.095876256796648907e+00
4.093134453535814288e+00 5.378081196395959607e-01
6.472878696492823103e-02 4.021577313619553173e+00
7.795970995820172833e-01 4.669152419456914060e+00
2.655683579453468113e+00 7.706361782600870125e-01
9.976982699992364978e-03 2.959322298680550745e+00
4.111250305600131938e+00 -9.945235403365629834e-01
1.164761348039964339e+00 4.004441120047740554e+00
1.672173890233263460e+00 3.006033779830102670e+00
2.552534966488040791e+00 3.051524591076276938e+00
1.821058574546979170e+00 1.092551683206825608e+00
2.395448166722201400e+00 8.561962819343080788e-01
3.491811868024519150e+00 5.160320201706525278e-01
1.784121036376903335e+00 4.002006180210129216e+00
1.832671638700873018e+00 2.416412750003455123e+00
1.951206723317644443e+00 1.935750159905908818e+00
3.868205400160567464e+00 3.819312893202809756e-01
3.953405705181898711e+00 -3.472884636738295949e-01
3.542165852005198623e+00 1.103125671144244091e+00
7.159943592415601854e-01 3.808029257170633120e+00
4.309473813315515933e+00 -5.365044767797385594e-01
2.181611200205369805e+00 6.682420160827555744e-01
1.061397182049925281e+00 3.519939908020462305e+00
3.738426435770927814e+00 -8.929920669035520953e-02
4.854277692184912674e+00 -9.350195074905198744e-01
3.683982087641608949e+00 3.424387683696728524e-01
2.576346760287457904e+00 1.058620097650291081e+00
4.956400960942249689e+00 -1.856589526905993992e-01
1.826224578426075551e+00 2.376041071034071805e-01
2.384266163184424858e+00 1.987645677905124808e+00
3.802860014136282274e+00 9.895339405049616843e-01
2.686937384674710216e+00 1.921099930216561447e+00
1.873092859264248178e+00 -5.454816729272797815e-01
8.187089242423095659e-01 2.366865892259668591e+00
5.999465216747440488e-01 3.741212754149813691e+00
1.447508724097534838e+00 2.920044993329976357e+00
7.080729572392030491e-01 3.562582407503322557e+00
4.834381278112548586e+00 -2.536254487177901140e+00
7.019158710628442543e-01 2.958102105221810607e+00
6.951696951819030801e-01 2.329035045264470583e+00
2.606942835453164964e+00 -4.012743687968887141e-01
1.026897965669457680e+00 4.226922027272496329e+00
3.238555054266251121e-01 2.346518890391853240e+00
3.453869574498726447e+00 -1.291481150810822820e+00
3.414046712661458205e+00 9.283727517131801221e-03
1.233826249329089686e-01 5.280372248045775763e+00
2.663872301093392903e+00 6.920941395475702640e-01
8.450715633881361599e-01 3.376931981675813876e+00
2.472678620258159654e+00 2.541529957492623115e-01
2.409203301887202109e+00 4.143326616988261435e+00
2.222994560132651731e-01 3.326112459009803235e+00
4.342838503406815098e-01 4.879844355637795061e+00
3.425063169335419211e+00 1.241148476651990684e+00
2.010691077940883531e+00 2.703870096071192108e+00
4.034216786266658694e+00 -1.282242936895659158e+00
4.945121119090544859e+00 -2.387950416381284580e+00
4.017769757264610941e-01 4.365020119226699968e+00
2.861376329182256928e+00 -6.878194386337965760e-01
3.887734896344855251e+00 -3.349948492790377763e-02
2.322691092058613460e+00 3.040640221785191777e+00
2.083647129932156616e+00 1.122744518438261174e+00
3.171333654102375554e+00 1.401003980194192033e-01
4.446622115713815049e+00 -1.048340911100578809e+00
3.674521333022395808e-01 3.964305522429281581e+00
9.768717694710093991e-01 3.356782146608253914e+00
1.993775366446404185e+00 2.692584902254285595e+00
1.218911792321735188e+00 3.880205344518793176e+00
2.505723125194270651e+00 3.004533334399577704e+00
2.895367620966332600e-01 4.667666543694259040e+00
1.600192934848556625e+00 2.831313043989806655e+00
1.402614690678762877e+00 1.635451553543930237e+00
2.800921899386337621e+00 8.087129689394640941e-01
2.460788551429684556e+00 1.208328388825699484e+00
6.181494212246341213e-02 2.819800544820913579e+00
4.798497992550621483e+00 -1.677160667231637703e+00
3.571818455274990978e+00 3.625431154182481297e-01
1.572295411127299758e+00 2.618333178878920364e+00
1.702493380037126691e+00 5.434918094025056323e-01
2.319233515828656333e+00 -1.514367100933844412e-01
9.591042744557187749e-01 4.826374968851230740e+00
4.730717931587175018e-01 4.772582169945115638e+00
3.631889452008085772e+00 -5.488894330187417125e-01
1.160655342338454687e+00 2.168288051340070410e-01
1.691417722610742302e+00 2.387422592672291177e+00
4.450673889994781973e+00 3.315151155177955555e-01
6.652949447683587092e-01 5.286055973555303211e+00
3.220528079501049135e+00 1.669630410804907594e+00
4.482835348579779833e+00 -1.079264112010327681e+00
1.402423532258895822e+00 3.781771119860357633e+00
3.511527251830204754e+00 -3.434947443786113830e-01
1.042056327881585975e+00 3.292699709366122995e+00
2.590752479715382250e+00 2.114788008888226933e+00
4.658929130614057001e+00 -1.471650716533522196e+00
1.109425221380333060e+00 1.906014657721218697e+00
6.570093285971911889e-01 3.381262075882808915e+00
1.446880969063035316e+00 3.421783747448144730e+00
9.317188080018751206e-01 3.455421872261467353e+00
4.062088225426600196e+00 -6.078055431450117840e-01
1.895373027916976039e+00 2.436477775020790215e+00
3.153089405623190178e+00 9.292372557565665714e-01
1.803715978962454169e+00 1.062637487204314057e+00
3.910967596489066000e+00 -5.301478859697248414e-01
1.106353192668213525e+00 4.044459699937737795e+00
3.436696615141632716e+00 1.798509934733086013e-01
3.685172628286573104e+00 7.404780248400790743e-01
2.407462296326875695e+00 3.838971874302827825e-01
5.677652047830938908e-02 4.415797745599695290e+00
3.448964437026860175e+00 -7.400248138158491695e-01
4.276886160082408850e+00 1.481146033219424840e+00
4.848727745530796440e+00 -1.094531655731683539e+00
1.294322657042564106e+00 3.164875423042525338e+00
4.636101274105025816e+00 -1.555691394430647634e+00
3.429262150329916992e+00 -5.636503906122346530e-01
3.474425884779117624e+00 -7.498227695133219406e-01
3.669252279262740224e+00 1.044218657061918520e+00
1.703018551076753706e+00 2.080585003804343636e+00
3.537072217737211588e+00 6.820496952730505935e-01
2.872953996216502937e+00 1.635860365491663249e+00
3.182278181613118928e+00 1.760505472582582831e+00
3.105434695682977697e+00 1.338065362581523310e+00
2.876448668722833446e+00 2.335301972108773327e+00
9.169653508940267539e-01 2.721629353606105362e+00
4.685689625099133337e+00 -2.013911349603224377e+00
4.825179671789060265e+00 -3.203772297200717212e+00
3.444948781889206613e-01 3.584553483895906112e+00
3.583365728034767272e+00 -8.875919063853916491e-01
4.732706921435553049e+00 -2.460061978862741583e+00
2.889351588855195274e+00 8.081828555570276240e-01
3.692037936718594704e+00 -9.443941762385701377e-01
4.165609507088236185e+00 -4.264095759687176468e-01
3.952244193101062120e+00 -4.105120012379884775e-01
4.536832698487372362e+00 -5.510652818772754369e-02
7.300595617759925160e-01 2.859557962546483534e+00
2.876761320326437055e+00 1.512337231293556794e+00
3.980007802191699362e+00 2.799501548894723912e-01
9.848400207541907481e-02 5.024764354538124422e+00
4.277933717643579214e+00 1.100537118157438599e-01
2.706399387278941138e+00 7.225770943685341230e-01
4.896713610413362616e+00 -1.615803238644921258e+00
1.004439732302558230e+00 2.191130318676980160e+00
3.761179662899039045e+00 1.159815159829319375e-01
9.930256283171456921e-02 5.086660641265543958e+00
2.846198053863715494e+00 -4.578042493663669887e-01
3.368616128340964355e+00 1.078833946250008724e+00
7.055035671901904726e-01 3.833786570578459951e+00
1.456855782774445496e+00 2.131335793025059822e+00
3.215974155322520289e+00 2.616753407134418397e-01
1.301994157044851885e+00 2.547643609285804800e+00
2.438032013338892412e+00 1.060995477641459184e+00
2.652912185386739896e+00 -1.139943823730297900e+00
1.606168538612108954e+00 1.507762435529031331e+00
2.583087369400571820e+00 9.309731442580548855e-01
7.872426079667599330e-01 1.800097085760215210e+00
3.295976865314758530e+00 6.379437457644350218e-01
4.322813637999332492e+00 -1.224673990843164084e+00
1.143270668557421210e+00 2.482375733395654205e+00
3.486055744688347779e+00 -9.135578651930118532e-01
3.501836698184653152e+00 1.219481002463833064e-01
3.951317169272464014e+00 -6.911653552724619232e-01
2.536623471177199551e+00 2.742151600620966079e+00
5.585657973209895433e-01 3.365292707698840591e+00
3.251017696587821248e-01 3.639743671935210756e+00
1.316483750332025249e+00 2.001272210729848844e+00
3.114401426208109669e+00 -4.745543193191041897e-01
1.208837573929405496e+00 3.600798630782757748e+00
7.899521367872824884e-01 4.130514967809896021e+00
3.067890417772964007e+00 9.174054677125779156e-01
1.181678891457065728e+00 2.054019291793844904e+00
5.243603178578459811e-01 4.970933404994173799e+00
3.026334901105253827e+00 2.090448277099940633e+00
3.571199334172985296e+00 9.893496902554701489e-01
2.699721707109560498e+00 1.283281296471643351e-01
9.659813271921341427e-01 3.912771310735753794e+00
4.782986400511867409e+00 -7.365313068920210648e-01
4.805848083816695926e+00 -1.561946659776681567e+00
7.075246180916811012e-01 2.518372911295428285e+00
4.073473540630060619e+00 -1.155565476384910362e+00
3.456975773088120096e+00 -8.451248174120773449e-02
4.335378161397989594e+00 -5.124493677512287348e-01
1.661654536814650696e+00 4.372274887217574957e+00
4.277498242820433560e+00 -1.362143219322404786e+00
4.469384200308735622e+00 -2.192984401109280057e+00
6.465581479889342953e-01 4.505186933323398257e+00
4.458165344050316392e+00 2.588802626658264217e-01
3.554046865531833355e+00 7.908234797586692899e-01
3.835680608531646829e+00 1.512516797962252468e+00
1.266097724865958174e+00 1.968489639993303841e+00
2.941285686802776578e+00 1.609800929036302453e+00
1.948182772734500245e+00 2.802537844558988578e+00
3.499544665419866973e+00 1.919630709439575922e-01
4.210155537055849884e+00 -4.330568178074737928e-01
6.326030560063278241e-01 4.105066877409253578e+00
3.307690566118825615e+00 -4.775581305053631098e-01
1.303347208218164077e+00 2.976741123440008518e+00
4.346856654748815219e-01 4.698503321771784869e+00
4.231481301750342539e+00 4.981264478163893727e-01
4.723648099586847948e+00 -2.975454631729405275e+00
4.867477185929022454e+00 -2.906710661916186211e+00
2.269169695628025618e+00 1.458045088359622321e+00
3.232070053757868378e-01 5.225302933106485526e+00
2.339227900716066344e+00 7.815942214874992411e-01
3.603758499173645546e+00 4.129076433757734588e-01
9.541314963526642545e-01 1.355514577537414667e+00
2.672997416971818474e+00 4.455939550110897818e-01
2.445261320504956259e+00 1.143511658503957307e-01
3.417972616583266898e+00 -6.024585646319335908e-01
5.213104031456161636e-01 4.113344518682476192e+00
8.924840062367167537e-01 2.361669298763644509e+00
3.392401422351172702e+00 1.917318076427778628e-01
4.925495456996651811e+00 -3.772439449270592604e+00
2.820526559558322877e+00 9.219622745373706740e-01
7.705258913127055465e-01 2.884744697507914957e+00
4.030336095109047889e+00 2.096690007058018335e+00
1.961422102202333040e+00 8.324751491128337122e-01
4.462550214095947432e+00 1.401810474861887590e-01
3.705612713533200875e+00 -1.543184830364515980e-01
3.263117153298668693e+00 8.060922995721995221e-01
3.312929328127978579e+00 -1.065190589068945037e+00
1.613652568656618769e+00 2.762530225228877701e+00
4.991850435531070218e+00 -1.186801826297889662e+00
2.168445037933295350e+00 1.872795664873041277e+00
3.002992768190402284e+00 1.089639800075036025e+00
1.707881442020864782e+00 2.484083387412387545e+00
1.040981680470883797e+00 4.020208162824943088e+00
3.120015234215936850e+00 -2.761565428652501542e-01
2.563637262421414320e+00 3.827263930917201407e+00
5.779311688124960655e-01 4.088377574087151523e+00
7.164985337710755298e-01 1.621722198129929016e+00
3.305987853668546084e+00 -7.436780678845227310e-01
3.856485571992177341e+00 -2.691461981053555608e-01
2.990322814038411714e+00 1.368970500663867051e+00
3.111618798373262607e+00 1.576623340574149434e+00
6.237273720175179337e-01 3.527682553415160793e+00
3.305233953808703440e+00 -9.793362671571468336e-01
2.193509701931203981e+00 3.511504540642397032e+00
7.244916002666745847e-01 3.839500959753910259e+00
4.322901593551903510e+00 8.216062909788079960e-02
4.701911588803178610e+00 -9.313789978023834237e-02
2.751690318713875705e+00 7.411978240405416862e-01
3.327231276926467807e-01 4.537056578727058920e+00
3.462322683968717563e+00 -3.006686526334022558e-01
1.062867508319509824e+00 2.870236397381892957e+00
1.976844162365980484e+00 2.295102714614414285e+00
1.076660403225786933e+00 2.221812516708941310e+00
4.731872942734721477e+00 -1.688626695583628656e+00
2.503969143799956054e+00 2.283940517232859513e+00
3.075864781708307127e+00 1.266887650908770979e+00
3.517610060810580030e+00 2.777259152724208757e+00
2.786834133728878449e+00 1.190978528170122841e+00
7.534050152807397760e-01 5.766047764083586102e-01
2.031177679981599482e+00 1.908119707068703264e+00
1.439065378655801641e-01 4.568162947071964908e+00
2.110913998316652940e+00 3.003159791183156457e+00
1.417021214316720457e+00 2.177610610731749219e+00
1.390633128013216258e+00 2.723356318821317679e+00
7.988056597293474725e-01 3.517992743864611693e+00
6.546718432984338643e-01 3.252908083149975038e+00
1.000561211855224730e+00 4.600131749881251508e+00
3.400126918469851933e+00 8.263812985765588426e-01
1.075049847212602439e+00 2.936497046961826562e+00
2.840981436562863838e+00 1.206744547117049482e+00
4.032837262987786886e+00 -9.627701639590602323e-02
4.219560828929099117e+00 -9.332219815576474620e-01
8.408137540277504929e-01 3.938962091281126288e+00
4.797876221214860237e+00 -1.304723085696745111e+00
4.509357845045911084e+00 -9.634987419698752831e-01
1.123011418815894613e-01 4.298044405338520058e+00
1.915555932084024970e+00 1.886022282466867317e+00
3.044101115314774120e+00 1.128465143978386598e+00
4.600209019897014251e+00 1.293477974976416700e+00
3.659870346603315117e+00 1.786257431909503701e+00
4.376725848988588297e+00 7.604647370844219711e-01
7.841147390120339900e-01 4.781257548577172223e+00
6.768741111578641112e-01 5.698829386603112113e+00
3.743733985850629775e+00 -3.338590266558497111e-01
3.089859253805670392e+00 3.144535911968394437e+00
2.258673724225687796e+00 2.892367388433761732e+00
4.946207603611879611e-01 4.346677655831673093e+00
2.709355256284245339e+00 1.447111146118060576e+00
3.606747944314792953e+00 1.000727537724503513e+00
7.779313623999695171e-02 6.048648445871532608e+00
3.812202560195321333e-01 4.950504837319882334e+00
3.650828530762392887e+00 -3.547201895359446411e-01
1.874321436196353829e+00 4.746475046783881879e+00
1.126940527620842847e+00 3.641649427318876864e+00
6.214444867708335263e-02 3.032502202312541861e+00
3.811133780408857863e+00 1.127506874794153013e-01
4.575867990978943478e-01 3.672687578413710519e+00
4.693292865225859423e+00 -8.360210219100350226e-01
9.738758019665366694e-01 4.781151364484204080e+00
1.267289625403102526e+00 2.775451433606968887e+00
2.954085535004110419e+00 1.007246649045534959e+00
3.486018424567212559e+00 -4.203210053919543832e-01
2.909715469590429926e+00 7.379109341498847341e-01
3.321529498750702691e-01 4.806890466651159599e+00
4.519008458468482203e+00 -2.097351547079748357e+00
1.453418273018519669e+00 4.759683373043015919e+00
4.883553762067688098e+00 -6.666449055821928038e-01
1.955220153935223859e+00 2.621177284190901791e+00
1.878959509343549605e+00 3.088839741510866155e+00
2.433666601404711916e+00 3.859115462857467538e-01
3.979135072046929622e+00 -2.125598889098798239e+00
4.722409452262688490e+00 -1.058236218142721397e+00
2.909815627037606323e+00 1.292933160791233327e+00
2.143551902984075053e+00 -5.211706002698157647e-01
3.062379665329265421e+00 -6.787765536285308432e-01
7.513174301222846907e-01 4.091236539487788093e+00
4.434982755550396227e+00 -5.126600915801156066e-01
1.532590488462365341e+00 3.021831516913699556e+00
5.253008781635742919e-01 3.648962399386882716e+00
1.080351160507735386e+00 1.279752619095360089e+00
4.168212064850440157e+00 -1.376870449917765304e-01
4.081561965212228138e+00 1.429900632156477780e-03
2.430278664504139652e+00 9.412239042237858788e-01
1.038171785319863094e+00 4.135459722727953924e+00
2.193898176659355492e+00 1.309776928320896427e+00
3.598862021306260317e+00 -1.818757986976473617e+00
4.196298676609550249e+00 3.509014634530238652e-02
5.596187091928156443e-01 4.446460571840716192e+00
3.489314691607023899e+00 3.502879886282783684e-02
2.198796655747677242e+00 1.798555063622150785e+00
6.308860671991156632e-02 4.224230909991828931e+00
4.570313342735919271e+00 -7.671863103550056184e-01
1.464649199852920525e+00 1.947754689422248831e+00
4.043488215535369967e+00 2.914812391028198668e-03
1.952421325334969815e+00 3.307843696043111237e+00
1.620122693616274479e+00 2.853695339452693158e+00
1.156660537145164369e+00 3.426483661631765543e+00
1.223727524258098054e+00 2.063929981484051712e+00
2.697700788019610219e+00 7.400378518201388145e-01
2.437499309879813669e+00 3.273975813501847298e+00
4.569741070681964779e+00 -2.798926128862256890e-01
4.638702491519691717e-01 4.538537228297777837e+00
4.692593700134078949e-01 3.069804034177955998e+00
1.413835212399160435e+00 1.134807725552241298e+00
2.207534349571360632e-01 4.096072072725009505e+00
2.046832382343144907e+00 2.724519203897413533e+00
3.185590342193006519e-01 3.230453350422755499e+00
1.512065028543688072e+00 3.669481007187633814e+00
2.534503751450034592e-01 4.219775625434531996e+00
1.385538475209700415e+00 2.854299391473047898e+00
1.247773204195007368e+00 3.370203583758369703e+00
9.697220211899271192e-01 1.493351369108286031e+00
5.998401636589800745e-01 4.216541849948960419e+00
1.402604473413266994e+00 2.624554515208529004e+00
1.629840617122130242e+00 1.314993262652761619e+00
3.032930721342721014e+00 8.033490887341470099e-01
1.433354870302923523e+00 5.809796657756296945e+00
4.136992138594830948e+00 -1.814386533984436278e+00
4.668388438643521710e+00 -1.481431878359342313e+00
7.162658961476925379e-01 3.765447520172592100e+00
3.246153943051321544e+00 -8.932135055068202156e-01
2.252246057694251569e+00 1.268642956747798589e+00
2.817968681134603415e+00 9.981892374605004781e-01
5.269815831343044321e-01 3.407408749263300951e+00
1.473383871961409408e+00 2.546417052105245382e+00
3.242974543929544762e+00 2.835534710580783102e+00
2.862734941811280187e+00 8.916056104040563923e-01
3.301717735040999635e+00 -1.977575859327004304e-01
9.712827352425856819e-01 1.969003436874105395e+00
2.802287768951621239e+00 2.762615253442890495e-01
3.117248981482832804e+00 -1.306763218597469578e+00
2.275376814885953003e+00 7.033808584170253564e-01
5.890310434908690995e-01 4.056760930054976733e+00
2.809291385019827558e+00 -7.634868358690367618e-01
3.124787884188267029e+00 -7.835311956816293222e-02
5.337083735959202713e-02 4.848661397551642160e+00
4.709700705320570613e+00 -7.784029580354860922e-01
3.105556583695453732e+00 1.181937301910184424e+00
3.623845561102370105e+00 1.092661189175778425e-01
2.814176428367420435e+00 1.924360876592819958e-01
2.312553918509856032e+00 2.236261475312017577e+00
6.586213132915269552e-01 3.813896647659417827e+00
2.589719700339556230e+00 9.409681261104045902e-01
3.281137032075901239e+00 3.152694112138412219e+00
1.019371171480337734e-01 5.060658743984844499e+00
2.988265286214828897e+00 3.174986832019115024e+00
2.704440006870056923e+00 -9.961587521497605735e-01
1.666408359923227778e+00 2.766184527999983267e+00
4.640784845526441771e+00 -5.388070212643474299e-01
4.793858052508650047e+00 -1.692781115092856004e+00
1.553212143360616526e+00 1.730086672805206671e+00
3.087266598394901695e+00 1.060900025311237505e+00
2.285581788785754576e+00 1.698852949319777039e+00
2.966683706594274827e+00 1.236724156615966130e+00
2.009892502867363095e+00 1.464626431984410004e+00
5.497543729758952447e-01 4.900536219664683557e+00
2.945563149342374842e+00 1.497370000923325950e+00
1.256401289946883493e+00 4.693971346395493072e+00
1.848042877782125615e+00 2.213076300467692992e+00
3.698805262715661790e+00 -1.909093192047902621e-01
1.656244006757634057e+00 4.366171547567940792e+00
4.541992471976875834e+00 -2.760684175613531188e+00
2.986222481324046774e-01 4.122487109981915587e+00
4.191998966172694630e+00 -1.897426487285511110e+00
5.503297614685764838e-01 4.604043693533471426e+00
2.777105401736141843e+00 2.109990988482902452e+00
6.080774330392924032e-01 2.997463077169963519e+00
4.989812815797388446e+00 -1.002312270077747147e+00
1.999315490500575443e+00 2.850504038711074273e+00
2.748195953010541093e+00 -3.796316545826794453e-03
1.204369135717013872e+00 3.777201435552258069e+00
8.251269913707226511e-01 4.134902267146989274e+00
2.713187306684842426e+00 7.854410164532679151e-01
1.746811342311044957e+00 2.177812141559005266e+00
4.699423724460294327e-01 4.208142512324392293e+00
4.282835545494410923e+00 -1.042140800612031626e+00
3.538205559518614596e-01 4.651960108428773388e+00
4.383578408942740090e+00 -1.936135194613547439e-01
3.698516371192379193e+00 4.704942451445898732e-01
3.470910722591760589e+00 2.301941840049940957e+00
1.675568842939504366e+00 3.826619667808548009e+00
2.596449808727089970e+00 1.976381584051253526e+00
3.723917138790015624e+00 -4.178798009490574117e-01
2.155842675293602628e+00 1.859836817467990011e+00
4.304137257934319116e+00 -3.123088259708167169e-01
1.168091883678277210e+00 1.504770468599331723e+00
3.172173572220806648e+00 2.544343476983466523e+00
4.830549766310163307e+00 -1.563677866828615759e+00
4.638856990687497905e+00 -1.415241165825892100e+00
2.672801292248849769e+00 3.073901948820968233e+00
1.223121898088191939e+00 1.273025148089501846e+00
3.538679144120152387e+00 6.924824972299904458e-01
2.889654072878979907e+00 1.589342922769365396e+00
2.712454798359247299e+00 1.092774572907562636e+00
3.705379338848195481e+00 7.016802790401648338e-01
1.145113343990980415e+00 2.845155844571377823e+00
4.527299410986894479e+00 -5.354448949491552590e-01
4.345382403123760007e+00 -2.004116049248281684e+00
3.543386580501564964e+00 1.494527404898636780e+00
8.037815518824276140e-01 4.201387786056931972e+00
4.467448987522915971e+00 6.498121711677826706e-01
3.775042455032264765e+00 -9.219810648394746178e-01
7.713404540583707059e-01 4.051299545185639950e+00
1.129542020095832822e+00 2.898790957173827731e+00
4.226372506817186014e+00 -3.458019225686647768e+00
4.329926467962103231e+00 -4.714645550966313214e-01
4.529136099402671256e+00 -3.838842629910496074e-01
1.460492308315761711e+00 1.815208035330037273e+00
3.663982927403366840e+00 7.384139543662158189e-01
4.939349711827041745e+00 -8.249012405755180577e-01
2.655971502491778935e+00 1.000020454372986034e+00
1.150553250831159335e+00 4.033956394949494317e+00
1.595562166466913290e+00 1.268670190121266916e+00
4.249137049976736691e+00 -6.844491218207279237e-01
4.075968158195861335e+00 -4.388175841009631095e-01
3.743084788828862752e+00 5.983459065825824652e-01
2.002599126076352931e+00 3.605379463125839123e+00
2.061816748783727338e+00 1.926440263972909683e+00
2.366265420122775076e+00 1.657725430502094310e+00
2.437476680502310700e+00 1.812679653617814246e+00
3.028490606767321403e+00 -1.755830589446881085e+00
2.356808116502175032e+00 2.166564754652147151e+00
2.164210985168224077e+00 2.205662639828500193e+00
3.672664337473872109e+00 -5.001925114567187247e-01
3.168574220563914245e+00 4.403189761759945253e-01
3.817621949487812305e+00 -1.143172756659935230e+00
4.120910830169775885e+00 -1.379815802835433480e+00
2.126847387015267543e+00 2.827052965920624494e+00
3.142536147736996188e-01 5.566012530394395696e+00
2.783467649444357317e+00 1.311243230593708065e+00
4.301549916401703477e+00 -5.839914278422791982e-01
1.631836050765187007e+00 2.918862400521616607e+00
4.644704755172476496e+00 -1.440406396470984340e+00
3.723256577049398608e+00 -1.392292129533172496e+00
2.137565435818838955e-01 4.098277659905982695e+00
1.863740584352976404e+00 4.019409512364888748e+00
3.774665823754457250e+00 2.798659152492907198e-01
2.599778547917327209e+00 5.421769397983976502e-01
1.283386551541398912e-01 3.076698341614096943e+00
3.893712217740266102e+00 1.128873720510273904e+00
1.525102283987905150e+00 3.151011022415776353e+00
1.739539890273025247e+00 3.585944065970203543e+00
7.358054181851886311e-01 1.059083638816377793e+00
4.852918939187625291e+00 -1.758033775953226963e+00
2.257176164920474903e+00 1.207619812652525715e+00
3.792651549619083795e+00 -1.091066741439685184e-01
4.928182548870304380e+00 -9.250661017333492442e-01
4.393325417299331015e+00 -2.138224352836848752e+00
3.655503969434116485e+00 -2.223844576554045993e+00
3.997650370759226579e+00 -3.351856710943766915e-01
9.728850933513982779e-01 3.837538030712137171e+00
1.915744139508086974e+00 1.644231263079553695e+00
8.370354802360069346e-01 4.741565505063779717e+00
2.584533520628769843e+00 1.534472120240460313e+00
4.100574963056513589e-01 5.889604651432120974e+00
1.746179328446471057e+00 2.291040728644442748e+00
3.096556569076387877e+00 1.274201199615819569e+00
3.325550767184414447e+00 -1.135278133153159397e+00
1.214172862225040284e+00 2.955708224430662057e+00
3.647412953208173381e-01 4.178012140699499888e+00
3.074444349764466455e+00 9.880772759971900854e-02
4.220703440227859815e+00 -3.242105116131172027e-01
5.809268556618812918e-01 2.915502063281739886e+00
1.594326433696598988e+00 8.059026640748518933e-01
4.988338946583773748e+00 -2.337068398761759092e+00
3.301145561268087336e-01 4.367564740659692468e+00
1.069284662873896119e+00 3.699504750863593205e+00
2.266624987642614997e+00 2.470752345787304627e+00
2.712214955055286758e+00 1.781117140074889305e+00
1.410630242630736664e+00 1.714294351214146195e+00
2.662069255763663822e+00 7.119356883599791130e-01
1.828255221356129834e+00 9.564873740528807566e-01
4.991902606356062755e+00 -1.315742302046983614e+00
4.399852961074921964e+00 -1.082784696807824742e+00
4.110127515739948834e+00 3.589022914913942985e-01
4.452314093426187114e+00 -1.411164033319371125e+00
1.453700213172371969e+00 3.763887352150429688e+00
1.136463895350974251e+00 3.723326767113411151e+00
1.691983377119568033e+00 2.434632521080809298e+00
4.854965687314450662e+00 -1.919851729335750878e-01
4.346001896521747732e+00 -3.526241424553377968e-02
4.651151490942270428e+00 -1.506867737366129001e+00
2.031958005205047879e+00 2.493756409387259509e+00
1.605977220490577562e+00 1.454611558685246608e+00
2.242382311540185746e+00 3.776730140982853534e-01
3.007839711960499152e+00 1.543924182462772521e+00
1.707409752231134892e+00 1.475963144713735797e+00
1.322571632260696628e+00 1.093839527233102515e+00
2.426772182991387972e-01 3.592832742268857960e+00
3.943087603883333792e+00 -2.356229367176380651e-01
4.437027604834710814e+00 -2.241598143084460037e-01
1.087542237570251036e+00 5.039894267358485891e+00
3.282501356483626953e+00 2.122074561615595600e-01
6.620762426627357922e-01 2.941919184157269829e+00
2.582871623645778936e+00 2.091155000215418447e+00
1.027895497688142701e+00 3.018793000276740912e+00
1.991623469005870284e+00 1.848567516711543179e+00
3.002108791380565300e+00 8.209236235837804596e-01
3.217701191797579074e+00 1.098390052523405380e+00
3.990059586424843374e-02 6.374455226916472483e+00
1.139424134378624220e+00 1.752185095721091157e+00
4.417497705309386902e+00 -1.907029892803148829e+00
5.009753791654936173e-01 2.375445688824473933e+00
3.955043054062264307e+00 5.900313768240562640e-01
2.915678154576817338e+00 7.806681277828314558e-01
2.204574502787398416e+00 1.891837131660726978e+00
2.334878498870576635e+00 1.805706206285083493e+00
7.443492065373491506e-01 4.232714728881478372e+00
4.396578286591213747e+00 7.574948004299832949e-01
3.458311344887420091e+00 -6.551920428096444926e-01
4.395019013033787836e+00 -5.541695004590267981e-01
4.840086888690282585e+00 -8.462453003857158818e-01
1.545299688312391950e+00 3.664717281778618663e+00
4.052751519900375854e+00 -5.101436380335427900e-01
2.014621734281134113e+00 7.693542125954506705e-01
3.468786499280713809e+00 -2.199931993001011499e+00
